   -0.02487516
   -0.11822697
   -0.03965845
    0.02683271
   -0.05473224
   -0.05562883
    0.02835878
    0.02440226
    0.02821532
    0.02740864
    0.02686478
    0.08225090
    0.01946253
    0.00846325
   -0.04893646
    0.02728257
    0.02456548
   -0.09866940
    0.02967930
    0.03084354
    0.03182494
   -0.06153854
   -0.01369337
   -0.05006229
   -0.00932784
    0.03859577
    0.07433193
   -0.11114516
    0.03867041
    0.04668192
    0.05250483
   -0.00283066
    0.05304172
    0.04053801
   -0.10509159
    0.03780268
    0.04088034
    0.05343220
   -0.16829894
    0.03521969
    0.03697783
   -0.09184514
    0.04405212
    0.04972588
    0.02748550
   -0.10925786
    0.06620163
    0.03176124
    0.03039073
   -0.10412824
    0.02677972
    0.03568079
    0.04617080
   -0.10921135
    0.04670340
    0.05529148
    0.03062507
   -0.11045041
    0.03586332
    0.05085486
    0.04877619
   -0.10211620
    0.04126663
    0.03450312
    0.03240723
   -0.03913518
   -0.01755157
   -0.03222269
    0.00593293
   -0.04064867
    0.01103562
   -0.02539993
    0.02150142
    0.00654111
