           1           2  0.54179839083618930     
           2           3  0.97963563536014620     
           3           4  0.95300561203274947     
           3           5  0.99044185504151794     
           5           6   1.0059108956052711     
           5           7  0.97559723064134540     
           5           8  0.97551430341349910     
           6           9  0.97472560309133516     
           6          10  0.97677707759243637     
           3          11  0.96148074859209809     
           1          12  0.60035895563333563     
           2          12  0.32691936380394820     
           2          13  0.96787332235629131     
           2          14  0.97121112203425852     
           6          15   1.0085615707992499     
          15          16  0.97584260561522840     
          15          17  0.97675978374997341     
          15          18   1.0206510857511846     
          18          19  0.98718849581833923     
          18          20  0.98709390954826193     
          18          21  0.98727883627022162     
           1          22  0.89896979143306777     
           1          24  0.68375161855116784     
          23          24   1.4814503068635518     
          23          25  0.98581439156999195     
          25          26  0.96910457946041251     
          25          27  0.95314330032658523     
          25          28   1.0063094786632667     
          28          29  0.98466761069805231     
          28          30  0.98409196489437845     
          28          31  0.98611718034067453     
          23          32  0.96987434192147137     
          32          33  0.96342631255787325     
          32          34  0.97182680154492385     
          32          35   1.0081032502583920     
          35          36  0.98737201820001186     
          35          37  0.98452762870750876     
          35          38  0.98228436597910818     
           1          39  0.23805168852948699     
          22          39   1.1772876543817981     
          22          40  0.90837903873608783     
          22          41  0.89936162084092897     
          40          42  0.98745496988865600     
          42          43  0.95230398237330838     
          42          44  0.96725470653563539     
          42          45  0.97999361965873788     
          40          46  0.99367157354864200     
          46          47  0.97096609257403288     
          46          48  0.97864864301585175     
          46          49  0.98008918412828228     
          40          50  0.99546828428987721     
          50          51  0.98184567033076486     
          50          52  0.97958137869237294     
          50          53  0.96831492489574844     
          41          54  0.99332388765331137     
          54          55  0.97783316507302820     
          54          56  0.96629152101889304     
          54          57  0.98028371670883641     
          41          58  0.98949772638243316     
          58          59  0.97883607461694178     
          58          60  0.96774724688723168     
          58          61  0.96825661390037032     
          41          62  0.99524148361390574     
          62          63  0.97554725005442622     
          62          64  0.97798515859972368     
          62          65  0.98106112464756001     
           1          66   1.2650622585986597     
           1          67  0.10779834371226045     
          24          67   1.1161231099416429     
          66          67   1.1436432153770457     
          67          68   1.4198819832695748     
          68          69  0.96200217415904599     
          68          70   1.3457028295670743     
          70          71  0.97154612698758225     
          70          72   1.5138957130871518     
          72          73  0.96862316294157136     
          39          74   1.3602470698011739     
          66          74   1.1019620623188962     
          72          74   1.2716102655618891     
